-4.500000000000000000e+00
-4.500300006666828168e+00
-4.501200106676524371e+00
-4.502700540112059002e+00
-4.504801707294921798e+00
-4.507504169056510968e+00
-4.510808647111157477e+00
-4.514716024523720783e+00
-4.519227346262082889e+00
-4.524343819822277624e+00
-4.530066815911627742e+00
-4.536397869171042707e+00
-4.543338678914675022e+00
-4.550891109861074035e+00
-4.559057192824759852e+00
-4.567839125333319927e+00
-4.577239272128173830e+00
-4.587260165502690334e+00
-4.597904505423493049e+00
-4.609175159374910180e+00
-4.621075161858210656e+00
-4.633607713470264677e+00
-4.646776179477592805e+00
-4.660584087793555597e+00
-4.675035126258160645e+00
-4.690133139111049232e+00
-4.705882122540944401e+00
-4.722286219185889422e+00
-4.739349711452385705e+00
-4.757077013515864650e+00
-4.775472661858482404e+00
-4.794541304199773535e+00
-4.814287686672814814e+00
-4.834716639101831248e+00
-4.855833058241093347e+00
-4.877641888845040796e+00
-4.900148102450762266e+00
-4.923356673773580994e+00
-4.947272554636926500e+00
-4.971900645388672046e+00
-4.997245763788031425e+00
-5.023312611388711879e+00
-5.050105737490198088e+00
-5.077629500780401095e+00
-5.105888028850872118e+00
-5.134885175826725323e+00
-5.164624478418668119e+00
-5.195109110770012251e+00
-5.226341838539165785e+00
-5.258324972719840673e+00
-5.291060323761855422e+00
-5.324549156605909772e+00
-5.358792147286572494e+00
-5.393789341786666469e+00
-5.429540117839567692e+00
-5.466043150370566650e+00
-5.503296381246086888e+00
-5.541296993957143258e+00
-5.580041393800645011e+00
-5.619525194039714400e+00
-5.659743208428210437e+00
-5.700689450369655020e+00
-5.742357138857396848e+00
-5.784738711212721540e+00
-5.827825842503741249e+00
-5.871609471396221025e+00
-5.916079832064025545e+00
-5.961226491673548011e+00
-6.007038392857404041e+00
-6.053503900512989588e+00
-6.100610852200675005e+00
-6.148346611376900306e+00
-6.196698122680271759e+00
-6.245651968490312456e+00
-6.295194426001922139e+00
-6.345311524096203470e+00
-6.395989099342618722e+00
-6.447212850530936734e+00
-6.498968391206783934e+00
-6.551241299758227221e+00
-6.604017166686579898e+00
-6.657281638770372822e+00
-6.711020459911230418e+00
-6.765219508521968628e+00
-6.819864831385920922e+00
-6.874942673975336760e+00
-6.930439507270176769e+00
-6.986342051163517475e+00
-7.042637294577804852e+00
-7.099312512443997747e+00
-7.156355279721074325e+00
-7.213753482648364468e+00
-7.271495327432435651e+00
-7.329569346579624778e+00
-7.387964403081727305e+00
-7.446669692664125151e+00
-7.505674744297552436e+00
-7.564969419167903553e+00
-7.624543908289592942e+00
-7.684388728936138335e+00
-7.744494720050605352e+00
