-4.500000000000000000e+00
-4.500300006669782249e+00
-4.501200106865209882e+00
-4.502700542266065753e+00
-4.504801719434555984e+00
-4.507504215547510462e+00
-4.510808786601179676e+00
-4.514716378271996788e+00
-4.519228139681589873e+00
-4.524345440378747085e+00
-4.530069890930235488e+00
-4.536403367599851855e+00
-4.543348041695978168e+00
-4.550906414288843571e+00
-4.559081357135937651e+00
-4.567876160822766707e+00
-4.577294591319996719e+00
-4.587340956395848934e+00
-4.598020183602553601e+00
-4.609337911893780060e+00
-4.621300599334658088e+00
-4.633915649853602048e+00
-4.647191562566434619e+00
-4.661138107900623773e+00
-4.675766535575491822e+00
-4.691089820470998539e+00
-4.707122953554562450e+00
-4.723883286340108789e+00
-4.741390938801787414e+00
-4.759669282208285779e+00
-4.778745509862188712e+00
-4.798651309994768077e+00
-4.819423655680614260e+00
-4.841105725919359948e+00
-4.863747968883377126e+00
-4.887409311033024117e+00
-4.912158501782332820e+00
-4.938075559007937265e+00
-4.965253241147200569e+00
-4.993798411427331274e+00
-5.023833074197212589e+00
-5.055494752008337755e+00
-5.088935745459463256e+00
-5.124320706841102080e+00
-5.161821924566761588e+00
-5.201611850463766729e+00
-5.243852804207509877e+00
-5.288684496476879993e+00
-5.336210908625679039e+00
-5.386488827546768832e+00
-5.439520518075434019e+00
-5.495252327925224556e+00
-5.553579594922225304e+00
-5.614356638947957556e+00
-5.677409551509692953e+00
-5.742549300229383036e+00
-5.809583219317319802e+00
-5.878323845426719707e+00
-5.948594880022344711e+00
-6.020234603759632819e+00
-6.093097314764168715e+00
-6.167053392664899825e+00
-6.241988504197070853e+00
-6.317802340704390396e+00
-6.394407156823739058e+00
-6.471726281528569658e+00
-6.549692701081045954e+00
-6.628247764941749054e+00
-6.707340034884380131e+00
-6.786924279220456491e+00
-6.866960603980745148e+00
-6.947413708059860582e+00
-7.028252247637682082e+00
-7.109448295273839591e+00
-7.190976880091501933e+00
-7.272815596889199874e+00
-7.354944273566897728e+00
-7.437344687747541983e+00
-7.520000324845502959e+00
-7.602896171045120610e+00
-7.686018535698263321e+00
-7.769354898543402221e+00
-7.852893777900344929e+00
-7.936624616625065798e+00
-8.020537683136820917e+00
-8.104623985265437369e+00
-8.188875195033368470e+00
-8.273283582787104962e+00
-8.357841959345224225e+00
-8.442543625039368393e+00
-8.527382324698207228e+00
-8.612352207768498857e+00
-8.697447792891932039e+00
-8.782663936353547030e+00
-8.867995803906589813e+00
-8.953438845547763592e+00
-9.038988772878397526e+00
-9.124641538737730428e+00
-9.210393318837279963e+00
-9.296240495163033302e+00
-9.382179640942009513e+00
