-4.500000000000001776e+00
-4.500300006669768926e+00
-4.501200106865213435e+00
-4.502700542266074635e+00
-4.504801719434536444e+00
-4.507504215547533555e+00
-4.510808786601179676e+00
-4.514716378271986130e+00
-4.519228139681551681e+00
-4.524345440378729322e+00
-4.530069890930255916e+00
-4.536403367599827874e+00
-4.543348041695981721e+00
-4.550906414288812485e+00
-4.559081357135924328e+00
-4.567876160822752496e+00
-4.577294591319957640e+00
-4.587340956395813407e+00
-4.598020183602558930e+00
-4.609337911893769402e+00
-4.621300599334650094e+00
-4.633915649853605601e+00
-4.647191562566439060e+00
-4.661138107900578476e+00
-4.675766535575485605e+00
-4.691089820470990546e+00
-4.707122953554540246e+00
-4.723883286340102572e+00
-4.741390938801776755e+00
-4.759669282208274232e+00
-4.778745509862186935e+00
-4.798651309994768077e+00
-4.819423655680621366e+00
-4.841105725919381264e+00
-4.863747968883361139e+00
-4.887409311032974379e+00
-4.912158501782343478e+00
-4.938075559007913284e+00
-4.965253241147207675e+00
-4.993798411427341932e+00
-5.023833074197198378e+00
-5.055494752008302228e+00
-5.088935745459449933e+00
-5.124320706841082540e+00
-5.161821924566771358e+00
-5.201611850463762288e+00
-5.243852804207528528e+00
-5.288684496476895980e+00
-5.336210908625687921e+00
-5.386488827546761726e+00
-5.439520518075417144e+00
-5.495252327925222779e+00
-5.553579594922194218e+00
-5.614356638947949563e+00
-5.677409551509703611e+00
-5.742549300229379483e+00
-5.809583219317285163e+00
-5.878323845426713490e+00
-5.948594880022348264e+00
-6.020234603759628378e+00
-6.093097314764151839e+00
-6.167053392664890055e+00
-6.241988504197029997e+00
-6.317802340704377073e+00
-6.394407156823717742e+00
-6.471726281528583868e+00
-6.549692701080991775e+00
-6.628247764941759712e+00
-6.707340034884375690e+00
-6.786924279220412970e+00
-6.866960603980670541e+00
-6.947413708059868576e+00
-7.028252247637654548e+00
-7.109448295273814722e+00
-7.190976880091469958e+00
-7.272815596889167011e+00
-7.354944273566867530e+00
-7.437344687747486915e+00
-7.520000324845496742e+00
-7.602896171045114393e+00
-7.686018535698228682e+00
-7.769354898543379129e+00
-7.852893777900312067e+00
-7.936624616625060469e+00
-8.020537683136787166e+00
-8.104623985265384079e+00
-8.188875195033340049e+00
-8.273283582787042789e+00
-8.357841959345162053e+00
-8.442543625039393262e+00
-8.527382324698177030e+00
-8.612352207768482870e+00
-8.697447792891919605e+00
-8.782663936353529266e+00
-8.867995803906589813e+00
-8.953438845547790237e+00
-9.038988772878415290e+00
-9.124641538737664703e+00
-9.210393318837249765e+00
-9.296240495163038631e+00
-9.382179640941936682e+00
