-4.500000000000000000e+00
-4.500300006666821950e+00
-4.501200106676518153e+00
-4.502700540112063443e+00
-4.504801707294914692e+00
-4.507504169056489651e+00
-4.510808647111132608e+00
-4.514716024523719007e+00
-4.519227346262074008e+00
-4.524343819822266077e+00
-4.530066815911615308e+00
-4.536397869171024055e+00
-4.543338678914666140e+00
-4.550891109861045614e+00
-4.559057192824733207e+00
-4.567839125333283512e+00
-4.577239272128142744e+00
-4.587260165502659248e+00
-4.597904505423482391e+00
-4.609175159374898634e+00
-4.621075161858189340e+00
-4.633607713470237144e+00
-4.646776179477575042e+00
-4.660584087793536945e+00
-4.675035126258117124e+00
-4.690133139111015481e+00
-4.705882122540927526e+00
-4.722286219185839684e+00
-4.739349711452375047e+00
-4.757077013515854880e+00
-4.775472661858465528e+00
-4.794541304199745113e+00
-4.814287686672791722e+00
-4.834716639101791280e+00
-4.855833058241074696e+00
-4.877641888845012375e+00
-4.900148102450772036e+00
-4.923356673773544578e+00
-4.947272554636894526e+00
-4.971900645388647177e+00
-4.997245763788011885e+00
-5.023312611388695892e+00
-5.050105737490165225e+00
-5.077629500780370009e+00
-5.105888028850842808e+00
-5.134885175826711112e+00
-5.164624478418632592e+00
-5.195109110769998040e+00
-5.226341838539134699e+00
-5.258324972719795376e+00
-5.291060323761799467e+00
-5.324549156605891120e+00
-5.358792147286529861e+00
-5.393789341786624725e+00
-5.429540117839561475e+00
-5.466043150370542669e+00
-5.503296381246038926e+00
-5.541296993957136152e+00
-5.580041393800602378e+00
-5.619525194039670879e+00
-5.659743208428200667e+00
-5.700689450369640809e+00
-5.742357138857340892e+00
-5.784738711212691342e+00
-5.827825842503736808e+00
-5.871609471396197044e+00
-5.916079832064005117e+00
-5.961226491673518701e+00
-6.007038392857368514e+00
-6.053503900512958502e+00
-6.100610852200627043e+00
-6.148346611376881654e+00
-6.196698122680232679e+00
-6.245651968490286698e+00
-6.295194426001900823e+00
-6.345311524096206135e+00
-6.395989099342538786e+00
-6.447212850530916306e+00
-6.498968391206755513e+00
-6.551241299758200576e+00
-6.604017166686526608e+00
-6.657281638770366605e+00
-6.711020459911192226e+00
-6.765219508521913561e+00
-6.819864831385897830e+00
-6.874942673975310115e+00
-6.930439507270111044e+00
-6.986342051163495270e+00
-7.042637294577764884e+00
-7.099312512443937351e+00
-7.156355279721050344e+00
-7.213753482648297854e+00
-7.271495327432407230e+00
-7.329569346579571487e+00
-7.387964403081667797e+00
-7.446669692664086959e+00
-7.505674744297519574e+00
-7.564969419167860920e+00
-7.624543908289561855e+00
-7.684388728936046853e+00
-7.744494720050592917e+00
