-1.250000000000000711e+01
-1.250083335185390787e+01
-1.250333362976025775e+01
-1.250750150148914841e+01
-1.251333808245006196e+01
-1.252084493940278520e+01
-1.253002409569740117e+01
-1.254087803808751467e+01
-1.255340972517707776e+01
-1.256762259757512368e+01
-1.258352058984944932e+01
-1.260110814438937865e+01
-1.262039022730717797e+01
-1.264137234653146358e+01
-1.266406057227112569e+01
-1.268846156005916015e+01
-1.271458257661882030e+01
-1.274243152883632391e+01
-1.277201699616934860e+01
-1.280334826687615646e+01
-1.283643537851738614e+01
-1.287128916325806571e+01
-1.290792129859350723e+01
-1.294634436423686097e+01
-1.298657190604436096e+01
-1.302861850802818289e+01
-1.307249987371866773e+01
-1.311823291840703654e+01
-1.316583587413836653e+01
-1.321532840975958933e+01
-1.326673176889235961e+01
-1.332006892943988774e+01
-1.337536478922706706e+01
-1.343264638371462105e+01
-1.349194314358033964e+01
-1.355328720258367348e+01
-1.361671376992448756e+01
-1.368226158696810657e+01
-1.374997349695253135e+01
-1.381989717033678389e+01
-1.389208605215005932e+01
-1.396660064007723889e+01
-1.404351028330236950e+01
-1.412289586192497914e+01
-1.420485410013208671e+01
-1.428950530135438157e+01
-1.437700948968341130e+01
-1.446760812231537940e+01
-1.456177120967116423e+01
-1.466105593068128066e+01
-1.477936630418202490e+01
-1.495634928152087895e+01
-1.515195710743934931e+01
-1.535232687423327747e+01
-1.555579782611644113e+01
-1.576180587494994256e+01
-1.597002921947061438e+01
-1.618023866668994160e+01
-1.639225367906278663e+01
-1.660592456277124995e+01
-1.682112348097035692e+01
-1.703773917919488667e+01
-1.725567354907060391e+01
-1.747483922109211818e+01
-1.769515778910150416e+01
-1.791655845048889972e+01
-1.813897693487278673e+01
-1.836235464133942230e+01
-1.858663793139584897e+01
-1.881177754122437662e+01
-1.903772808728728094e+01
-1.926444764626164030e+01
-1.949189739504165431e+01
-1.972004129989510801e+01
-1.994884584628519164e+01
-2.017827980265762378e+01
-2.040831401283513813e+01
-2.063892121268957425e+01
-2.087007586755367328e+01
-2.110175402746027373e+01
-2.133393319778854291e+01
-2.156659222329350456e+01
-2.179971118381316231e+01
-2.203327130021077096e+01
-2.226725484932021004e+01
-2.250164508684260056e+01
-2.273642617728593152e+01
-2.297158313016614528e+01
-2.320710174178865515e+01
-2.344296854201905944e+01
-2.367917074552449108e+01
-2.391569620703383592e+01
-2.415253338021377161e+01
-2.438967127981164040e+01
-2.462709944675104623e+01
-2.486480791590402717e+01
-2.510278718629356121e+01
-2.534102819350544067e+01
-2.557952228411579654e+01
-2.581826119195569547e+01
-2.605723701605634446e+01
