-4.500000000000001776e+00
-4.500300006666823727e+00
-4.501200106676521706e+00
-4.502700540112063443e+00
-4.504801707294917357e+00
-4.507504169056494092e+00
-4.510808647111145930e+00
-4.514716024523734994e+00
-4.519227346262074896e+00
-4.524343819822266077e+00
-4.530066815911624190e+00
-4.536397869171030273e+00
-4.543338678914668805e+00
-4.550891109861048278e+00
-4.559057192824750082e+00
-4.567839125333292394e+00
-4.577239272128152514e+00
-4.587260165502663689e+00
-4.597904505423485944e+00
-4.609175159374907516e+00
-4.621075161858199998e+00
-4.633607713470239808e+00
-4.646776179477576818e+00
-4.660584087793538721e+00
-4.675035126258125118e+00
-4.690133139111023475e+00
-4.705882122540932855e+00
-4.722286219185849454e+00
-4.739349711452386593e+00
-4.757077013515870867e+00
-4.775472661858470858e+00
-4.794541304199747778e+00
-4.814287686672794386e+00
-4.834716639101797497e+00
-4.855833058241084466e+00
-4.877641888845015039e+00
-4.900148102450772924e+00
-4.923356673773545467e+00
-4.947272554636901631e+00
-4.971900645388654283e+00
-4.997245763788012773e+00
-5.023312611388699445e+00
-5.050105737490179436e+00
-5.077629500780370009e+00
-5.105888028850849025e+00
-5.134885175826715553e+00
-5.164624478418641473e+00
-5.195109110770004257e+00
-5.226341838539144469e+00
-5.258324972719800705e+00
-5.291060323761834105e+00
-5.324549156605897338e+00
-5.358792147286538743e+00
-5.393789341786632718e+00
-5.429540117839578350e+00
-5.466043150370552439e+00
-5.503296381246042479e+00
-5.541296993957136152e+00
-5.580041393800610372e+00
-5.619525194039670879e+00
-5.659743208428204220e+00
-5.700689450369646138e+00
-5.742357138857361321e+00
-5.784738711212694895e+00
-5.827825842503746578e+00
-5.871609471396199709e+00
-5.916079832064013999e+00
-5.961226491673529360e+00
-6.007038392857377396e+00
-6.053503900512971825e+00
-6.100610852200652801e+00
-6.148346611376893200e+00
-6.196698122680235343e+00
-6.245651968490295580e+00
-6.295194426001901711e+00
-6.345311524096218569e+00
-6.395989099342548556e+00
-6.447212850530922523e+00
-6.498968391206766171e+00
-6.551241299758213010e+00
-6.604017166686537266e+00
-6.657281638770371046e+00
-6.711020459911193115e+00
-6.765219508521934877e+00
-6.819864831385897830e+00
-6.874942673975310115e+00
-6.930439507270127919e+00
-6.986342051163507705e+00
-7.042637294577790641e+00
-7.099312512443966661e+00
-7.156355279721084095e+00
-7.213753482648327164e+00
-7.271495327432409006e+00
-7.329569346579577704e+00
-7.387964403081669573e+00
-7.446669692664109164e+00
-7.505674744297542667e+00
-7.564969419167869802e+00
-7.624543908289573402e+00
-7.684388728936051294e+00
-7.744494720050605352e+00
