-8.000000000000000000e+00
-8.000533345186484624e+00
-8.002133523046570218e+00
-8.004800960953090794e+00
-8.008536372768412903e+00
-8.013340761220053565e+00
-8.019215421256252085e+00
-8.026161944410667104e+00
-8.034182224216515067e+00
-8.043278462719415600e+00
-8.053453178151375624e+00
-8.064709213839964974e+00
-8.077049748441702093e+00
-8.090478307606700170e+00
-8.104998777199513782e+00
-8.120615418225384019e+00
-8.137332883637848013e+00
-8.155156237236301564e+00
-8.174090974900490636e+00
-8.194143048457785738e+00
-8.215318892535380613e+00
-8.237625454823028548e+00
-8.261070230260006753e+00
-8.285661299773297017e+00
-8.311407374337639098e+00
-8.338317845311809862e+00
-8.366402842246678517e+00
-8.395673299678660939e+00
-8.426141034846970967e+00
-8.457818838855059695e+00
-8.490720584599930731e+00
-8.524861355929926887e+00
-8.560257604130445230e+00
-8.596927340254744365e+00
-8.634890375467904278e+00
-8.674168627240383955e+00
-8.714786518273987426e+00
-8.756771509951457588e+00
-8.800154837519663431e+00
-8.844972559239678844e+00
-8.891267114911336478e+00
-8.939089750293387482e+00
-8.988504493239952708e+00
-9.039595083214589266e+00
-9.092477927013391081e+00
-9.147328392289869825e+00
-9.204439575156394326e+00
-9.264369196694424602e+00
-9.328351496910944007e+00
-9.399488053966717160e+00
-9.484643888206379714e+00
-9.589014116617347483e+00
-9.706849283362645409e+00
-9.831390702814614357e+00
-9.959615255590820837e+00
-1.009028139942408764e+01
-1.022279798333475398e+01
-1.035683384965563292e+01
-1.049217705570486459e+01
-1.062867766173231487e+01
-1.076622162475051780e+01
-1.090471762252220600e+01
-1.104408980269911211e+01
-1.118427348463509396e+01
-1.132521244305815245e+01
-1.146685709435680423e+01
-1.160916322722695959e+01
-1.175209107806098352e+01
-1.189560463430687065e+01
-1.203967109444409900e+01
-1.218426043924366908e+01
-1.232934508447346644e+01
-1.247489959477846533e+01
-1.262090044456400051e+01
-1.276732581571445024e+01
-1.291415542468442723e+01
-1.306137037336585927e+01
-1.320895301945817835e+01
-1.335688686302308525e+01
-1.350515644660757530e+01
-1.365374726684486539e+01
-1.380264569584392476e+01
-1.395183891098564644e+01
-1.410131483198555458e+01
-1.425106206427473943e+01
-1.440106984790083899e+01
-1.455132801127761155e+01
-1.470182692920863232e+01
-1.485255748469598025e+01
-1.500351103411153808e+01
-1.515467937536593013e+01
-1.530605471875884938e+01
-1.545762966023322527e+01
-1.560939715679192830e+01
-1.576135050386326952e+01
-1.591348331442802966e+01
-1.606578949974151627e+01
-1.621826325150318837e+01
-1.637089902534232166e+01
-1.652369152550311782e+01
-1.667663569062359841e+01
